#t(s) x y z
0 -0.005555555556 0 0 
0 0 0 0 
0 0.005555555556 0 0 
0 0.01111111111 0 0 
0 0.01666666667 0 0 
0 0.02222222222 0 0 
0 0.02777777778 0 0 
0 0.03333333333 0 0 
0 0.03888888889 0 0 
0 0.04444444444 0 0 
0 0.05 0 0 
0 0.05555555556 0 0 
0 0.06111111111 0 0 
0 0.06666666667 0 0 
0 0.07222222222 0 0 
0 0.07777777778 0 0 
0 0.08333333333 0 0 
0 0.08888888889 0 0 
0 0.09444444444 0 0 
0 0.1 0 0 
1 -0.005555555556 0 0 
1 0 0 0 
1 0.005274277677 -0.001753034737 -1.069957714e-21 
1 0.00998742706 -0.004700133233 -2.5118459e-21 
1 0.01412700712 -0.008410414326 -3.829660076e-21 
1 0.01778391811 -0.01259725427 -4.743068122e-21 
1 0.02107049978 -0.01708053282 -5.158082488e-21 
1 0.02408867255 -0.02174850906 -5.125331394e-21 
1 0.02692111009 -0.02653120754 -4.771576072e-21 
1 0.02963127137 -0.03138396476 -4.232166373e-21 
1 0.03226616172 -0.03627771481 -3.612372734e-21 
1 0.0348594867 -0.04119332869 -2.972528964e-21 
1 0.0374344461 -0.04611829704 -2.330972018e-21 
1 0.04000602324 -0.0510447407 -1.675611276e-21 
1 0.04258283415 -0.05596815696 -9.815282149e-22 
1 0.04516865677 -0.06088655414 -2.271243848e-22 
1 0.04776376 -0.06579976875 5.954260558e-22 
1 0.05036613443 -0.07070884364 1.477095686e-21 
1 0.05297270352 -0.07561540024 2.396197798e-21 
1 0.05558056861 -0.08052097576 3.32843321e-21 
2 -0.005555555556 0 0 
2 0 0 0 
2 0.00515243086 -0.002083571466 2.403162973e-21 
2 0.009496290316 -0.005552246917 4.599771388e-21 
2 0.01301213158 -0.009858628915 5.54753806e-21 
2 0.01582823541 -0.01465204943 5.223113684e-21 
2 0.01809920182 -0.01972640857 4.059801445e-21 
2 0.01996152584 -0.02496435721 2.560088834e-21 
2 0.02152356005 -0.03029931351 1.127334856e-21 
2 0.0228675898 -0.0356930446 1.813268946e-24 
2 0.02405493789 -0.04112313039 -7.286751367e-22 
2 0.02513096655 -0.04657607237 -1.086935595e-21 
2 0.0261291387 -0.05204350352 -1.158775512e-21 
2 0.02707408574 -0.05752008406 -1.050273862e-21 
2 0.02798385034 -0.06300231705 -8.57648525e-22 
2 0.02887150227 -0.06848787112 -6.503287506e-22 
2 0.02974629789 -0.07397518673 -4.659751277e-22 
2 0.03061451792 -0.07946324266 -3.145934972e-22 
2 0.031480086 -0.08495141301 -1.876158042e-22 
2 0.0323450462 -0.0904393742 -6.982393103e-23 
3 -0.005555555556 0 0 
3 0 0 0 
3 0.005114888278 -0.002173648108 -9.56998754e-22 
3 0.009341485785 -0.005784176044 -2.13846725e-21 
3 0.01265539156 -0.01024780973 -3.083598935e-21 
3 0.01519581157 -0.01519289713 -3.599882196e-21 
3 0.01713079287 -0.02040468444 -3.671746958e-21 
3 0.01860813069 -0.02576400905 -3.382686989e-21 
3 0.01974468283 -0.0312055615 -2.857363992e-21 
3 0.02062902997 -0.03669347455 -2.224040681e-21 
3 0.02132732757 -0.04220786257 -1.594585341e-21 
3 0.02188891512 -0.04773755083 -1.053224703e-21 
3 0.02235080271 -0.05327615871 -6.533628603e-22 
3 0.02274100648 -0.05881997623 -4.179071993e-22 
3 0.02308093095 -0.06436680053 -3.44017242e-22 
3 0.02338701673 -0.06991529096 -4.099972292e-22 
3 0.0236718361 -0.07546460913 -5.82668079e-22 
3 0.02394477724 -0.08101421926 -8.249899401e-22 
3 0.02421242534 -0.086563782 -1.102830714e-21 
3 0.02447872721 -0.09211310414 -1.391026858e-21 
4 -0.005555555556 0 0 
4 0 0 0 
4 0.005113147607 -0.002177691089 -4.509981951e-22 
4 0.00933384822 -0.005795087779 -1.356828826e-21 
4 0.01263691879 -0.01026673082 -2.55744794e-21 
4 0.01516176853 -0.01521977525 -3.815133993e-21 
4 0.01707697949 -0.02043885105 -4.907441428e-21 
4 0.01853090016 -0.02580456775 -5.657478334e-21 
4 0.01964086473 -0.03125159822 -5.955878402e-21 
4 0.02049584879 -0.03674415536 -5.769386505e-21 
4 0.02116234342 -0.04226247077 -5.138704453e-21 
4 0.02168998896 -0.04779549451 -4.160735869e-21 
4 0.02211608105 -0.05333696503 -2.960818568e-21 
4 0.02246891868 -0.05888328047 -1.664364524e-21 
4 0.02277019244 -0.06443233318 -3.745109216e-22 
4 0.02303663135 -0.06998286428 8.417383666e-22 
4 0.02328109112 -0.07553410311 1.958107201e-21 
4 0.02351322448 -0.0810855671 2.984287116e-21 
4 0.02373984211 -0.08663695491 3.953096726e-21 
4 0.0239650512 -0.09218809592 4.901852781e-21 
5 -0.005555555556 0 0 
5 0 0 0 
5 0.00511825393 -0.002165718953 5.386540201e-22 
5 0.009354831225 -0.00576451931 1.369252871e-21 
5 0.01268507971 -0.01021595632 2.277139357e-21 
5 0.0152468023 -0.01515002376 3.110005506e-21 
5 0.01720668853 -0.02035247866 3.781035585e-21 
5 0.01871153388 -0.02570412691 4.25002122e-21 
5 0.01987752888 -0.0311394296 4.505299438e-21 
5 0.02079282142 -0.03662225024 4.54887495e-21 
5 0.02152328131 -0.04213245491 4.387632845e-21 
5 0.02211804752 -0.04765865877 4.031348143e-21 
5 0.02261397463 -0.05319430953 3.493936486e-21 
5 0.0230389435 -0.05873555873 2.794096144e-21 
5 0.02341422985 -0.06428009239 1.955627104e-21 
5 0.02375614578 -0.06982648132 1.006616446e-21 
5 0.02407713531 -0.07537381768 -2.278174928e-23 
5 0.02438646378 -0.0809215133 -1.103119577e-21 
5 0.02469060865 -0.08646919222 -2.208848305e-21 
5 0.02499343803 -0.09201663979 -3.321773716e-21 
6 -0.005555555556 0 0 
6 0 0 0 
6 0.005121498897 -0.002158070455 7.757278012e-22 
6 0.009368171618 -0.005744959621 1.667473772e-21 
6 0.01271571925 -0.01018340084 2.343994558e-21 
6 0.01530093947 -0.01510519295 2.685644716e-21 
6 0.01728932875 -0.0202968152 2.658776856e-21 
6 0.01882669959 -0.02563920481 2.280548249e-21 
6 0.02002851591 -0.03106669357 1.613079507e-21 
6 0.02098239757 -0.03654292694 7.582037929e-22 
6 0.02175381627 -0.0420475417 -1.515197503e-22 
6 0.02239158821 -0.04756894289 -9.695374084e-22 
6 0.02293228287 -0.05310039618 -1.55742339e-21 
6 0.02340351011 -0.05863789968 -1.807658848e-21 
6 0.02382627632 -0.06417901211 -1.660950833e-21 
6 0.0242166228 -0.06972220048 -1.114579598e-21 
6 0.02458672614 -0.07526647462 -2.204943756e-22 
6 0.0249456001 -0.08081118416 9.279520224e-22 
6 0.02529950591 -0.08635591016 2.21953705e-21 
6 0.02565215658 -0.09190041324 3.556953206e-21 
7 -0.005555555556 0 0 
7 0 0 0 
7 0.005122486788 -0.00215573535 -5.676663904e-22 
7 0.009372228673 -0.005738989686 -9.842308495e-22 
7 0.01272503014 -0.010173463 -1.104378299e-21 
7 0.01531738122 -0.01509150152 -1.061582782e-21 
7 0.01731441511 -0.02027980285 -1.015597453e-21 
7 0.01886164558 -0.02561934344 -1.064088365e-21 
7 0.02007431598 -0.03104441553 -1.220716743e-21 
7 0.02103988607 -0.03651859834 -1.430922643e-21 
7 0.02182370698 -0.04202145917 -1.608484882e-21 
7 0.0224744973 -0.04754133956 -1.669695633e-21 
7 0.02302874044 -0.05307145041 -1.556469999e-21 
7 0.02351396455 -0.05860774381 -1.243890417e-21 
7 0.0239510949 -0.06414774057 -7.371819128e-22 
7 0.02435609126 -0.06968987701 -6.403375819e-23 
7 0.02474104983 -0.07523313886 7.3484987e-22 
7 0.02511490872 -0.08077685772 1.614864916e-21 
7 0.02548386417 -0.08632060234 2.535569271e-21 
7 0.02585158259 -0.0918641264 3.467818384e-21 
8 -0.005555555556 0 0 
8 0 0 0 
8 0.005122501718 -0.002155700015 7.903800256e-22 
8 0.00937228964 -0.005738899768 1.758139564e-21 
8 0.01272516938 -0.01017331388 2.536795156e-21 
8 0.01531762607 -0.01509129671 2.964198758e-21 
8 0.01731478733 -0.02027954897 3.022973083e-21 
8 0.01886216241 -0.02561904762 2.776994917e-21 
8 0.0200749914 -0.03104408423 2.326350782e-21 
8 0.02104073171 -0.03651823698 1.777770379e-21 
8 0.0218247327 -0.04202107212 1.225480178e-21 
8 0.02247571161 -0.04754093025 7.404732975e-22 
8 0.02303015063 -0.05307102144 3.630779102e-22 
8 0.02351557677 -0.05860729712 1.067118294e-22 
8 0.02395291419 -0.06414727752 -3.686128564e-23 
8 0.02435812155 -0.06968939853 -8.989952972e-23 
8 0.02474329392 -0.07523264551 -7.985803214e-23 
8 0.0251173684 -0.08077634982 -3.267267525e-23 
8 0.02548654032 -0.08632008004 3.141373536e-23 
8 0.02585447547 -0.09186358972 9.981454812e-23 
9 -0.005555555556 0 0 
9 0 0 0 
9 0.005122345813 -0.002156068729 -4.40646665e-22 
9 0.009371649252 -0.005739842688 -1.029726643e-21 
9 0.01272369942 -0.01017488399 -1.56889478e-21 
9 0.01531502989 -0.01509346055 -1.934504496e-21 
9 0.01731082554 -0.02028223856 -2.063290303e-21 
9 0.01885664278 -0.02562218871 -1.944591132e-21 
9 0.02006775652 -0.03104760879 -1.612211111e-21 
9 0.02103164949 -0.03652208738 -1.130097824e-21 
9 0.02181369014 -0.04202520172 -5.73071833e-22 
9 0.02246261114 -0.04754530239 -1.746165055e-23 
9 0.02301490832 -0.0530756081 4.705427423e-22 
9 0.02349812166 -0.05861207753 8.440021099e-22 
9 0.02393318814 -0.06415223689 1.079933004e-21 
9 0.02433607933 -0.06969452688 1.179195344e-21 
9 0.02471890304 -0.07523793666 1.162324256e-21 
9 0.02509060834 -0.0807818004 1.062615421e-21 
9 0.02545740085 -0.08632568859 9.173623012e-22 
9 0.02582295372 -0.09186935589 7.578327676e-22 
10 -0.005555555556 0 0 
10 0 0 0 
10 0.005122255656 -0.002156281915 6.024132596e-22 
10 0.009371278928 -0.005740387853 1.011008755e-21 
10 0.01272284939 -0.01017579173 1.039576731e-21 
10 0.0153135286 -0.01509471147 7.961898373e-22 
10 0.01730853459 -0.02028379331 4.528212929e-22 
10 0.01885345102 -0.02562400432 1.620228466e-22 
10 0.02006357296 -0.03104964586 2.302187055e-23 
10 0.02102639776 -0.03652431258 6.301515542e-23 
10 0.0218073049 -0.04202758803 2.47113924e-22 
10 0.022455036 -0.04754782858 4.999289304e-22 
10 0.02300609476 -0.05307825795 7.339023413e-22 
10 0.02348802864 -0.05861483901 8.7271863e-22 
10 0.02392178206 -0.06415510142 8.664979886e-22 
10 0.02432333404 -0.06969748867 6.980688056e-22 
10 0.02470479976 -0.07524099212 3.813990234e-22 
10 0.0250751352 -0.08078494758 -4.627573301e-23 
10 0.02544055193 -0.08632892665 -5.374474363e-22 
10 0.02580472736 -0.09187268461 -1.048848365e-21 
11 -0.005555555556 0 0 
11 0 0 0 
11 0.005122230838 -0.002156340595 4.487265329e-22 
11 0.009371176984 -0.005740537914 1.107791794e-21 
11 0.01272261538 -0.01017604159 1.758550829e-21 
11 0.0153131153 -0.01509505579 2.24642938e-21 
11 0.01730790389 -0.02028422125 2.499222194e-21 
11 0.01885257232 -0.02562450405 2.51110954e-21 
11 0.0200624212 -0.03105020653 2.320316735e-21 
11 0.02102495191 -0.03652492501 1.987753356e-21 
11 0.02180554698 -0.04202824477 1.581397331e-21 
11 0.02245295048 -0.04754852379 1.16443239e-21 
11 0.02300366827 -0.05307898716 7.872767509e-22 
11 0.02348524988 -0.05861559889 4.836635469e-22 
11 0.02391864177 -0.06415588962 2.69812836e-22 
11 0.02431982503 -0.06969830359 1.46010515e-22 
11 0.02470091686 -0.07524183278 9.907465674e-23 
11 0.02507087513 -0.08078581343 1.072397753e-22 
11 0.02543591308 -0.08632981745 1.458314484e-22 
11 0.02579970925 -0.09187360032 1.939966236e-22 
12 -0.005555555556 0 0 
12 0 0 0 
12 0.005122231856 -0.00215633819 -6.839409271e-22 
12 0.009371181163 -0.005740531763 -1.191279023e-21 
12 0.01272262497 -0.01017603135 -1.220883184e-21 
12 0.01531313224 -0.01509504168 -8.133832583e-22 
12 0.01730792974 -0.02028420371 -1.492139685e-22 
12 0.01885260833 -0.02562448356 5.793992293e-22 
12 0.0200624684 -0.03105018355 1.230663545e-21 
12 0.02102501117 -0.03652489991 1.723099677e-21 
12 0.02180561903 -0.04202821785 2.024564224e-21 
12 0.02245303595 -0.04754849529 2.138367031e-21 
12 0.02300376772 -0.05307895727 2.087949239e-21 
12 0.02348536376 -0.05861556775 1.904639763e-21 
12 0.02391877047 -0.06415585731 1.61999391e-21 
12 0.02431996884 -0.06969827019 1.26213967e-21 
12 0.02470107599 -0.07524179832 8.547432662e-22 
12 0.02507104972 -0.08078577794 4.171599772e-22 
12 0.02543610318 -0.08632978095 -3.535399878e-23 
12 0.0257999149 -0.09187356279 -4.922015192e-22 
13 -0.005555555556 0 0 
13 0 0 0 
13 0.005122236554 -0.002156327082 8.695671938e-22 
13 0.00937120046 -0.005740503357 1.985097463e-21 
13 0.01272266927 -0.01017598405 2.859304843e-21 
13 0.01531321048 -0.0150949765 3.212405485e-21 
13 0.01730804913 -0.0202841227 2.96055883e-21 
13 0.01885277466 -0.02562438897 2.176859835e-21 
13 0.02006268642 -0.03105007742 1.043866629e-21 
13 0.02102528485 -0.03652478398 -2.021754143e-22 
13 0.02180595178 -0.04202809354 -1.323859076e-21 
13 0.02245343072 -0.0475483637 -2.123632796e-21 
13 0.02300422703 -0.05307881925 -2.470114801e-21 
13 0.02348588975 -0.05861542392 -2.307367743e-21 
13 0.02391936489 -0.06415570813 -1.649394926e-21 
13 0.02432063305 -0.06969811595 -5.643980359e-22 
13 0.02470181098 -0.07524163921 8.460172913e-22 
13 0.0250718561 -0.08078561406 2.468679506e-21 
13 0.02543698126 -0.08632961234 4.199384685e-21 
13 0.02580086477 -0.09187338948 5.961483235e-21 
14 -0.005555555556 0 0 
14 0 0 0 
14 0.005122239029 -0.00215632123 3.326848366e-22 
14 0.009371210627 -0.005740488393 6.345540018e-22 
14 0.0127226926 -0.01017595913 7.690158137e-22 
14 0.01531325169 -0.01509494216 7.490128902e-22 
14 0.01730811202 -0.02028408003 6.515930649e-22 
14 0.01885286229 -0.02562433914 5.522846138e-22 
14 0.02006280127 -0.03105002151 4.971534384e-22 
14 0.02102542903 -0.03652472291 4.975051288e-22 
14 0.02180612708 -0.04202802805 5.352782371e-22 
14 0.02245363868 -0.04754829438 5.738809304e-22 
14 0.02300446899 -0.05307874653 5.712861072e-22 
14 0.02348616684 -0.05861534815 4.910243453e-22 
14 0.02391967803 -0.06415562953 3.099434772e-22 
14 0.02432098296 -0.06969803469 2.210360612e-23 
14 0.02470219817 -0.07524155539 -3.613354589e-22 
14 0.0250722809 -0.08078552772 -8.159348412e-22 
14 0.02543744383 -0.08632952352 -1.311003809e-21 
14 0.02580136516 -0.09187329817 -1.819110148e-21 
15 -0.005555555556 0 0 
15 0 0 0 
15 0.005122239641 -0.002156319783 -7.045216327e-22 
15 0.00937121314 -0.005740484693 -1.584938602e-21 
15 0.01272269837 -0.01017595297 -2.308405231e-21 
15 0.01531326188 -0.01509493367 -2.737140688e-21 
15 0.01730812757 -0.02028406948 -2.864770519e-21 
15 0.01885288395 -0.02562432682 -2.74828984e-21 
15 0.02006282967 -0.03105000769 -2.459911202e-21 
15 0.02102546468 -0.03652470781 -2.065181441e-21 
15 0.02180617042 -0.04202801186 -1.619289687e-21 
15 0.0224536901 -0.04754827724 -1.165748267e-21 
15 0.02300452882 -0.05307872855 -7.364656408e-22 
15 0.02348623535 -0.05861532941 -3.523608089e-22 
15 0.02391975546 -0.0641556101 -2.406327721e-23 
15 0.02432106948 -0.0696980146 2.472922328e-22 
15 0.0247022939 -0.07524153466 4.687807895e-22 
15 0.02507238593 -0.08078550638 6.535164065e-22 
15 0.02543755821 -0.08632950156 8.17364071e-22 
15 0.02580148888 -0.09187327559 9.744335544e-22 
16 -0.005555555556 0 0 
16 0 0 0 
16 0.005122239574 -0.002156319941 2.839286178e-21 
16 0.009371212865 -0.005740485098 6.080877584e-21 
16 0.01272269774 -0.01017595365 8.443892551e-21 
16 0.01531326077 -0.0150949346 9.53778914e-21 
16 0.01730812587 -0.02028407063 9.458073208e-21 
16 0.01885288158 -0.02562432817 8.4960302e-21 
16 0.02006282656 -0.0310500092 6.990904206e-21 
16 0.02102546078 -0.03652470947 5.257225074e-21 
16 0.02180616568 -0.04202801363 3.553314046e-21 
16 0.02245368447 -0.04754827912 2.069717042e-21 
16 0.02300452227 -0.05307873052 9.277553552e-22 
16 0.02348622785 -0.05861533146 1.841117386e-22 
16 0.02391974698 -0.06415561222 -1.605159436e-22 
16 0.02432106001 -0.0696980168 -1.500632945e-22 
16 0.02470228342 -0.07524153693 1.405088707e-22 
16 0.02507237443 -0.08078550871 6.207144234e-22 
16 0.02543754568 -0.08632950396 1.20130622e-21 
16 0.02580147533 -0.09187327806 1.812415607e-21 
17 -0.005555555556 0 0 
17 0 0 0 
17 0.005122239434 -0.002156320271 -7.224640452e-22 
17 0.009371212292 -0.005740485941 -1.322544585e-21 
17 0.01272269643 -0.01017595505 -1.479279061e-21 
17 0.01531325844 -0.01509493654 -1.220992631e-21 
17 0.01730812232 -0.02028407304 -7.318316332e-22 
17 0.01885287664 -0.02562433097 -2.047981625e-22 
17 0.02006282009 -0.03105001235 2.240339128e-22 
17 0.02102545266 -0.03652471291 4.898574966e-22 
17 0.0218061558 -0.04202801732 5.834423618e-22 
17 0.02245367276 -0.04754828302 5.301341094e-22 
17 0.02300450864 -0.05307873462 3.711023667e-22 
17 0.02348621224 -0.05861533573 1.490774599e-22 
17 0.02391972934 -0.06415561665 -1.004752604e-22 
17 0.02432104029 -0.06969802138 -3.535436989e-22 
17 0.02470226161 -0.07524154165 -5.978765729e-22 
17 0.0250723505 -0.08078551358 -8.3078222e-22 
17 0.02543751962 -0.08632950897 -1.055533321e-21 
17 0.02580144714 -0.09187328321 -1.277288352e-21 
18 -0.005555555556 0 0 
18 0 0 0 
18 0.005122239367 -0.00215632043 2.913464095e-22 
18 0.009371212016 -0.005740486348 5.813345301e-22 
18 0.01272269579 -0.01017595573 7.590271844e-22 
18 0.01531325732 -0.01509493747 8.174877698e-22 
18 0.01730812061 -0.0202840742 7.98668459e-22 
18 0.01885287426 -0.02562433233 7.381965928e-22 
18 0.02006281697 -0.03105001387 6.513114137e-22 
18 0.02102544873 -0.03652471457 5.402488607e-22 
18 0.02180615103 -0.0420280191 4.053858869e-22 
18 0.0224536671 -0.04754828491 2.524423722e-22 
18 0.02300450205 -0.0530787366 9.325946236e-23 
18 0.0234862047 -0.05861533779 -5.683471318e-23 
18 0.02391972082 -0.06415561879 -1.833639934e-22 
18 0.02432103077 -0.06969802359 -2.768888327e-22 
18 0.02470225107 -0.07524154393 -3.355094836e-22 
18 0.02507233894 -0.08078551593 -3.650002037e-22 
18 0.02543750704 -0.08632951138 -3.764472087e-22 
18 0.02580143353 -0.09187328569 -3.816250538e-22 
19 -0.005555555556 0 0 
19 0 0 0 
19 0.005122239352 -0.002156320465 -1.291945462e-22 
19 0.009371211955 -0.005740486437 -2.667986777e-22 
19 0.01272269565 -0.01017595588 -3.449626242e-22 
19 0.01531325708 -0.01509493768 -3.566631548e-22 
19 0.01730812024 -0.02028407445 -3.3157202e-22 
19 0.01885287374 -0.02562433262 -3.052539538e-22 
19 0.02006281628 -0.03105001421 -3.025129698e-22 
19 0.02102544788 -0.03652471493 -3.298390243e-22 
19 0.02180614999 -0.04202801949 -3.721710496e-22 
19 0.02245366586 -0.04754828532 -3.971216086e-22 
19 0.02300450061 -0.05307873703 -3.657420516e-22 
19 0.02348620306 -0.05861533824 -2.422894853e-22 
19 0.02391971896 -0.06415561926 -1.830922395e-24 
19 0.02432102869 -0.06969802407 3.638858892e-22 
19 0.02470224877 -0.07524154443 8.438944491e-22 
19 0.02507233642 -0.08078551644 1.410684254e-21 
19 0.02543750429 -0.08632951191 2.027787728e-21 
19 0.02580143055 -0.09187328624 2.661435241e-21 
20 -0.005555555556 0 0 
20 0 0 0 
20 0.005122239355 -0.002156320458 1.785003508e-21 
20 0.009371211967 -0.005740486419 3.306814186e-21 
20 0.01272269568 -0.01017595585 3.773641692e-21 
20 0.01531325713 -0.01509493764 3.218874189e-21 
20 0.01730812031 -0.0202840744 2.043032034e-21 
20 0.01885287384 -0.02562433257 6.888703234e-22 
20 0.02006281642 -0.03105001414 -5.031271812e-22 
20 0.02102544804 -0.03652471486 -1.340166612e-21 
20 0.0218061502 -0.04202801942 -1.76596877e-21 
20 0.02245366611 -0.04754828524 -1.824705609e-21 
20 0.0230045009 -0.05307873694 -1.617949041e-21 
20 0.02348620338 -0.05861533815 -1.265391146e-21 
20 0.02391971933 -0.06415561917 -8.744844434e-22 
20 0.02432102911 -0.06969802397 -5.212507788e-22 
20 0.02470224923 -0.07524154433 -2.424555892e-22 
20 0.02507233692 -0.08078551634 -3.833745672e-23 
20 0.02543750483 -0.08632951181 1.158736771e-22 
20 0.02580143114 -0.09187328613 2.52141422e-22 
21 -0.005555555556 0 0 
21 0 0 0 
21 0.005122239359 -0.002156320449 8.507361498e-22 
21 0.009371211984 -0.005740486395 1.714422357e-21 
21 0.01272269572 -0.01017595581 2.167403244e-21 
21 0.01531325719 -0.01509493758 2.096090082e-21 
21 0.01730812042 -0.02028407433 1.575496871e-21 
21 0.01885287399 -0.02562433248 7.763341013e-22 
21 0.02006281661 -0.03105001405 -1.021725004e-22 
21 0.02102544828 -0.03652471476 -8.842898279e-22 
21 0.02180615049 -0.04202801931 -1.4484724e-21 
21 0.02245366645 -0.04754828512 -1.737776529e-21 
21 0.0230045013 -0.05307873682 -1.75421628e-21 
21 0.02348620384 -0.05861533803 -1.543062608e-21 
21 0.02391971984 -0.06415561904 -1.171961522e-21 
21 0.02432102968 -0.06969802384 -7.103700271e-22 
21 0.02470224987 -0.07524154419 -2.135858681e-22 
21 0.02507233762 -0.0807855162 2.854828741e-22 
21 0.0254375056 -0.08632951166 7.758086666e-22 
21 0.02580143197 -0.09187328598 1.260618856e-21 
22 -0.005555555556 0 0 
22 0 0 0 
22 0.005122239361 -0.002156320444 -6.130232735e-22 
22 0.009371211991 -0.005740486384 -1.097356301e-21 
22 0.01272269574 -0.01017595579 -1.20041266e-21 
22 0.01531325723 -0.01509493755 -9.602144691e-22 
22 0.01730812046 -0.0202840743 -5.321097043e-22 
22 0.01885287405 -0.02562433245 -8.038122747e-23 
22 0.02006281669 -0.03105001401 2.772818248e-22 
22 0.02102544839 -0.03652471471 4.890204801e-22 
22 0.02180615062 -0.04202801926 5.613743917e-22 
22 0.0224536666 -0.04754828507 5.399897649e-22 
22 0.02300450147 -0.05307873677 4.884663567e-22 
22 0.02348620404 -0.05861533797 4.697510659e-22 
22 0.02391972007 -0.06415561898 5.318689144e-22 
22 0.02432102994 -0.06969802378 6.995279006e-22 
22 0.02470225015 -0.07524154413 9.72181108e-22 
22 0.02507233793 -0.08078551613 1.32804629e-21 
22 0.02543750594 -0.0863295116 1.733215875e-21 
22 0.02580143234 -0.09187328591 2.154767158e-21 
23 -0.005555555556 0 0 
23 0 0 0 
23 0.005122239361 -0.002156320443 -3.10914427e-22 
23 0.009371211993 -0.005740486382 -1.082259221e-21 
23 0.01272269574 -0.01017595579 -2.157274442e-21 
23 0.01531325723 -0.01509493755 -3.263659567e-21 
23 0.01730812047 -0.02028407429 -4.16379376e-21 
23 0.01885287406 -0.02562433244 -4.715739035e-21 
23 0.02006281671 -0.031050014 -4.872146748e-21 
23 0.02102544841 -0.03652471471 -4.65514094e-21 
23 0.02180615064 -0.04202801925 -4.131298349e-21 
23 0.02245366663 -0.04754828506 -3.389830837e-21 
23 0.02300450151 -0.05307873676 -2.523093006e-21 
23 0.02348620408 -0.05861533796 -1.611809332e-21 
23 0.02391972011 -0.06415561897 -7.158271265e-22 
23 0.02432102999 -0.06969802377 1.297782653e-22 
23 0.0247022502 -0.07524154412 9.140244569e-22 
23 0.02507233799 -0.08078551612 1.645404137e-21 
23 0.025437506 -0.08632951158 2.344037429e-21 
23 0.0258014324 -0.0918732859 3.031426917e-21 
24 -0.005555555556 0 0 
24 0 0 0 
24 0.005122239361 -0.002156320444 -1.022593865e-21 
24 0.009371211992 -0.005740486382 -2.036701785e-21 
24 0.01272269574 -0.01017595579 -2.526935736e-21 
24 0.01531325723 -0.01509493755 -2.368061327e-21 
24 0.01730812047 -0.0202840743 -1.659362029e-21 
24 0.01885287406 -0.02562433244 -6.025084956e-22 
24 0.0200628167 -0.031050014 5.753534516e-22 
24 0.0210254484 -0.03652471471 1.669386181e-21 
24 0.02180615063 -0.04202801925 2.52098722e-21 
24 0.02245366662 -0.04754828507 3.025696598e-21 
24 0.0230045015 -0.05307873676 3.134208511e-21 
24 0.02348620407 -0.05861533797 2.846619118e-21 
24 0.0239197201 -0.06415561897 2.201899216e-21 
24 0.02432102997 -0.06969802377 1.265014486e-21 
24 0.02470225019 -0.07524154412 1.137170846e-22 
24 0.02507233797 -0.08078551613 -1.173645384e-21 
24 0.02543750598 -0.08632951159 -2.528892414e-21 
24 0.02580143238 -0.0918732859 -3.903558968e-21 
25 -0.005555555556 0 0 
25 0 0 0 
25 0.005122239361 -0.002156320444 -3.872089595e-22 
25 0.009371211992 -0.005740486383 -5.097579167e-22 
25 0.01272269574 -0.01017595579 -2.207851542e-22 
25 0.01531325723 -0.01509493755 3.165294502e-22 
25 0.01730812047 -0.0202840743 8.53937154e-22 
25 0.01885287406 -0.02562433244 1.189501507e-21 
25 0.0200628167 -0.031050014 1.223896064e-21 
25 0.0210254484 -0.03652471471 9.661453465e-22 
25 0.02180615062 -0.04202801926 5.090811108e-22 
25 0.02245366661 -0.04754828507 -9.360816795e-24 
25 0.02300450149 -0.05307873677 -4.46021801e-22 
25 0.02348620406 -0.05861533797 -6.841925048e-22 
25 0.02391972009 -0.06415561897 -6.533262029e-22 
25 0.02432102996 -0.06969802378 -3.362638899e-22 
25 0.02470225017 -0.07524154413 2.351246385e-22 
25 0.02507233795 -0.08078551613 9.936450621e-22 
25 0.02543750596 -0.08632951159 1.85731454e-21 
25 0.02580143236 -0.09187328591 2.754467702e-21 
26 -0.005555555556 0 0 
26 0 0 0 
26 0.005122239361 -0.002156320444 -1.139123404e-21 
26 0.009371211992 -0.005740486383 -2.659012649e-21 
26 0.01272269574 -0.01017595579 -4.037078068e-21 
26 0.01531325723 -0.01509493755 -5.011790666e-21 
26 0.01730812046 -0.0202840743 -5.506984425e-21 
26 0.01885287405 -0.02562433245 -5.55087817e-21 
26 0.0200628167 -0.03105001401 -5.216286696e-21 
26 0.02102544839 -0.03652471471 -4.596815155e-21 
26 0.02180615062 -0.04202801926 -3.788589451e-21 
26 0.02245366661 -0.04754828507 -2.877855401e-21 
26 0.02300450148 -0.05307873677 -1.933402617e-21 
26 0.02348620405 -0.05861533797 -1.003542492e-21 
26 0.02391972008 -0.06415561898 -1.163975281e-22 
26 0.02432102995 -0.06969802378 7.177540754e-22 
26 0.02470225016 -0.07524154413 1.502432159e-21 
26 0.02507233794 -0.08078551613 2.250001417e-21 
26 0.02543750595 -0.08632951159 2.976483533e-21 
26 0.02580143235 -0.09187328591 3.696147522e-21 
27 -0.005555555556 0 0 
27 0 0 0 
27 0.005122239361 -0.002156320444 7.624931987e-23 
27 0.009371211992 -0.005740486383 3.496027071e-22 
27 0.01272269574 -0.01017595579 8.03370318e-22 
27 0.01531325723 -0.01509493755 1.337207691e-21 
27 0.01730812046 -0.0202840743 1.816325354e-21 
27 0.01885287405 -0.02562433245 2.127001989e-21 
27 0.0200628167 -0.03105001401 2.204019119e-21 
27 0.02102544839 -0.03652471471 2.033695134e-21 
27 0.02180615062 -0.04202801926 1.644310549e-21 
27 0.02245366661 -0.04754828507 1.090135681e-21 
27 0.02300450148 -0.05307873677 4.345529836e-22 
27 0.02348620405 -0.05861533797 -2.638226645e-22 
27 0.02391972008 -0.06415561898 -9.602260768e-22 
27 0.02432102995 -0.06969802378 -1.627786851e-21 
27 0.02470225016 -0.07524154413 -2.257188321e-21 
27 0.02507233794 -0.08078551613 -2.853024395e-21 
27 0.02543750595 -0.08632951159 -3.427963232e-21 
27 0.02580143235 -0.09187328591 -3.995716858e-21 
28 -0.005555555556 0 0 
28 0 0 0 
28 0.005122239361 -0.002156320444 1.230031767e-21 
28 0.009371211992 -0.005740486383 2.575966642e-21 
28 0.01272269574 -0.01017595579 3.48697807e-21 
28 0.01531325723 -0.01509493755 3.816896863e-21 
28 0.01730812046 -0.0202840743 3.625750193e-21 
28 0.01885287405 -0.02562433245 3.0588608e-21 
28 0.0200628167 -0.03105001401 2.288039413e-21 
28 0.02102544839 -0.03652471471 1.475972023e-21 
28 0.02180615062 -0.04202801926 7.588454252e-22 
28 0.02245366661 -0.04754828507 2.388211919e-22 
28 0.02300450148 -0.05307873677 -1.824812107e-23 
28 0.02348620405 -0.05861533797 1.743225831e-23 
28 0.02391972008 -0.06415561898 3.42188029e-22 
28 0.02432102995 -0.06969802378 9.238635742e-22 
28 0.02470225016 -0.07524154413 1.709170016e-21 
28 0.02507233794 -0.08078551613 2.63324336e-21 
28 0.02543750595 -0.08632951159 3.631238526e-21 
28 0.02580143235 -0.09187328591 4.65181318e-21 
29 -0.005555555556 0 0 
29 0 0 0 
29 0.005122239361 -0.002156320444 6.006572857e-22 
29 0.009371211992 -0.005740486383 1.166344051e-21 
29 0.01272269574 -0.01017595579 1.479883515e-21 
29 0.01531325723 -0.01509493755 1.551556572e-21 
29 0.01730812046 -0.0202840743 1.468979736e-21 
29 0.01885287405 -0.02562433245 1.316330158e-21 
29 0.0200628167 -0.03105001401 1.157587454e-21 
29 0.02102544839 -0.03652471471 1.029112444e-21 
29 0.02180615062 -0.04202801926 9.444987197e-22 
29 0.02245366661 -0.04754828507 9.037880879e-22 
29 0.02300450148 -0.05307873677 9.040139713e-22 
29 0.02348620405 -0.05861533797 9.435823823e-22 
29 0.02391972008 -0.06415561898 1.022271811e-21 
29 0.02432102995 -0.06969802378 1.139298718e-21 
29 0.02470225016 -0.07524154413 1.291016536e-21 
29 0.02507233794 -0.08078551613 1.469674691e-21 
29 0.02543750595 -0.08632951159 1.664461164e-21 
29 0.02580143235 -0.09187328591 1.864751015e-21 
30 -0.005555555556 0 0 
30 0 0 0 
30 0.005122239361 -0.002156320444 -8.30748119e-23 
30 0.009371211992 -0.005740486383 2.411695741e-22 
30 0.01272269574 -0.01017595579 9.526378539e-22 
30 0.01531325723 -0.01509493755 1.836153271e-21 
30 0.01730812046 -0.0202840743 2.64840376e-21 
30 0.01885287405 -0.02562433245 3.207900587e-21 
30 0.0200628167 -0.03105001401 3.43681292e-21 
30 0.02102544839 -0.03652471471 3.348553363e-21 
30 0.02180615062 -0.04202801926 3.015167487e-21 
30 0.02245366661 -0.04754828507 2.533706249e-21 
30 0.02300450148 -0.05307873677 1.998396105e-21 
30 0.02348620405 -0.05861533797 1.482486542e-21 
30 0.02391972008 -0.06415561898 1.030324092e-21 
30 0.02432102995 -0.06969802378 6.578565187e-22 
30 0.02470225016 -0.07524154413 3.587991585e-22 
30 0.02507233794 -0.08078551613 1.133534595e-22 
30 0.02543750595 -0.08632951159 -1.027037798e-22 
30 0.02580143235 -0.09187328591 -3.09703213e-22 
31 -0.005555555556 0 0 
31 0 0 0 
31 0.005122239361 -0.002156320444 3.433794962e-22 
31 0.009371211992 -0.005740486383 9.664937505e-22 
31 0.01272269574 -0.01017595579 1.731977671e-21 
31 0.01531325723 -0.01509493755 2.492612036e-21 
31 0.01730812046 -0.0202840743 3.11849088e-21 
31 0.01885287405 -0.02562433245 3.521471806e-21 
31 0.0200628167 -0.03105001401 3.663398889e-21 
31 0.02102544839 -0.03652471471 3.553082128e-21 
31 0.02180615062 -0.04202801926 3.235621774e-21 
31 0.02245366661 -0.04754828507 2.777475634e-21 
31 0.02300450148 -0.05307873677 2.251154358e-21 
31 0.02348620405 -0.05861533797 1.72173444e-21 
31 0.02391972008 -0.06415561898 1.236581397e-21 
31 0.02432102995 -0.06969802378 8.205700614e-22 
31 0.02470225016 -0.07524154413 4.767460734e-22 
31 0.02507233794 -0.08078551613 1.909958799e-22 
31 0.02543750595 -0.08632951159 -6.018152934e-23 
31 0.02580143235 -0.09187328591 -2.998223258e-22 
32 -0.005555555556 0 0 
32 0 0 0 
32 0.005122239361 -0.002156320444 -1.501530682e-21 
32 0.009371211992 -0.005740486383 -3.675682586e-21 
32 0.01272269574 -0.01017595579 -5.625898045e-21 
32 0.01531325723 -0.01509493755 -6.701096663e-21 
32 0.01730812046 -0.0202840743 -6.599758911e-21 
32 0.01885287405 -0.02562433245 -5.373925927e-21 
32 0.0200628167 -0.03105001401 -3.334605205e-21 
32 0.02102544839 -0.03652471471 -9.198195073e-22 
32 0.02180615062 -0.04202801926 1.426719547e-21 
32 0.02245366661 -0.04754828507 3.337935231e-21 
32 0.02300450148 -0.05307873677 4.56714742e-21 
32 0.02348620405 -0.05861533797 4.998418208e-21 
32 0.02391972008 -0.06415561898 4.634149282e-21 
32 0.02432102995 -0.06969802378 3.569348128e-21 
32 0.02470225016 -0.07524154413 1.959523005e-21 
32 0.02507233794 -0.08078551613 -1.338059376e-23 
32 0.02543750595 -0.08632951159 -2.175048285e-21 
32 0.02580143235 -0.09187328591 -4.392818712e-21 
33 -0.005555555556 0 0 
33 0 0 0 
33 0.005122239361 -0.002156320444 7.461993007e-22 
33 0.009371211992 -0.005740486383 1.404347139e-21 
33 0.01272269574 -0.01017595579 1.619356219e-21 
33 0.01531325723 -0.01509493755 1.375609232e-21 
33 0.01730812046 -0.0202840743 8.197157335e-22 
33 0.01885287405 -0.02562433245 1.36035892e-22 
33 0.0200628167 -0.03105001401 -5.087819546e-22 
33 0.02102544839 -0.03652471471 -9.891287843e-22 
33 0.02180615062 -0.04202801926 -1.231807928e-21 
33 0.02245366661 -0.04754828507 -1.213966765e-21 
33 0.02300450148 -0.05307873677 -9.521013596e-22 
33 0.02348620405 -0.05861533797 -4.881084598e-22 
33 0.02391972008 -0.06415561898 1.248046359e-22 
33 0.02432102995 -0.06969802378 8.343272784e-22 
33 0.02470225016 -0.07524154413 1.597381774e-21 
33 0.02507233794 -0.08078551613 2.38407676e-21 
33 0.02543750595 -0.08632951159 3.177722575e-21 
33 0.02580143235 -0.09187328591 3.971910802e-21 
34 -0.005555555556 0 0 
34 0 0 0 
34 0.005122239361 -0.002156320444 1.178072055e-21 
34 0.009371211992 -0.005740486383 2.333352902e-21 
34 0.01272269574 -0.01017595579 2.968924993e-21 
34 0.01531325723 -0.01509493755 3.07451618e-21 
34 0.01730812046 -0.0202840743 2.816114288e-21 
34 0.01885287405 -0.02562433245 2.376377528e-21 
34 0.0200628167 -0.03105001401 1.896043323e-21 
34 0.02102544839 -0.03652471471 1.460194455e-21 
34 0.02180615062 -0.04202801926 1.103608286e-21 
34 0.02245366661 -0.04754828507 8.245032087e-22 
34 0.02300450148 -0.05307873677 6.023519308e-22 
34 0.02348620405 -0.05861533797 4.102303914e-22 
34 0.02391972008 -0.06415561898 2.229902737e-22 
34 0.02432102995 -0.06969802378 2.310720195e-23 
34 0.02470225016 -0.07524154413 -1.972402861e-22 
34 0.02507233794 -0.08078551613 -4.370377445e-22 
34 0.02543750595 -0.08632951159 -6.894646799e-22 
34 0.02580143235 -0.09187328591 -9.463286378e-22 
35 -0.005555555556 0 0 
35 0 0 0 
35 0.005122239361 -0.002156320444 5.240639253e-22 
35 0.009371211992 -0.005740486383 1.458464718e-21 
35 0.01272269574 -0.01017595579 2.502548916e-21 
35 0.01531325723 -0.01509493755 3.364685997e-21 
35 0.01730812046 -0.0202840743 3.869087738e-21 
35 0.01885287405 -0.02562433245 3.970709082e-21 
35 0.0200628167 -0.03105001401 3.722676605e-21 
35 0.02102544839 -0.03652471471 3.226645988e-21 
35 0.02180615062 -0.04202801926 2.589025061e-21 
35 0.02245366661 -0.04754828507 1.892884909e-21 
35 0.02300450148 -0.05307873677 1.186596424e-21 
35 0.02348620405 -0.05861533797 4.863342733e-22 
35 0.02391972008 -0.06415561898 -2.131732736e-22 
35 0.02432102995 -0.06969802378 -9.255865725e-22 
35 0.02470225016 -0.07524154413 -1.661834014e-21 
35 0.02507233794 -0.08078551613 -2.423892149e-21 
35 0.02543750595 -0.08632951159 -3.204511e-21 
35 0.02580143235 -0.09187328591 -3.992231041e-21 
36 -0.005555555556 0 0 
36 0 0 0 
36 0.005122239361 -0.002156320444 -1.049582742e-21 
36 0.009371211992 -0.005740486383 -1.914673912e-21 
36 0.01272269574 -0.01017595579 -2.200145283e-21 
36 0.01531325723 -0.01509493755 -2.026268721e-21 
36 0.01730812046 -0.0202840743 -1.646899192e-21 
36 0.01885287405 -0.02562433245 -1.269774035e-21 
36 0.0200628167 -0.03105001401 -1.003366003e-21 
36 0.02102544839 -0.03652471471 -8.667073453e-22 
36 0.02180615062 -0.04202801926 -8.228564972e-22 
36 0.02245366661 -0.04754828507 -8.13386034e-22 
36 0.02300450148 -0.05307873677 -7.836827696e-22 
36 0.02348620405 -0.05861533797 -6.975472241e-22 
36 0.02391972008 -0.06415561898 -5.408455597e-22 
36 0.02432102995 -0.06969802378 -3.176593915e-22 
36 0.02470225016 -0.07524154413 -4.316925281e-23 
36 0.02507233794 -0.08078551613 2.63681356e-22 
36 0.02543750595 -0.08632951159 5.859331777e-22 
36 0.02580143235 -0.09187328591 9.122025428e-22 
37 -0.005555555556 0 0 
37 0 0 0 
37 0.005122239361 -0.002156320444 4.339326608e-22 
37 0.009371211992 -0.005740486383 6.986665115e-22 
37 0.01272269574 -0.01017595579 5.576957952e-22 
37 0.01531325723 -0.01509493755 3.488727368e-23 
37 0.01730812046 -0.0202840743 -7.004764131e-22 
37 0.01885287405 -0.02562433245 -1.455227832e-21 
37 0.0200628167 -0.03105001401 -2.073895225e-21 
37 0.02102544839 -0.03652471471 -2.456758859e-21 
37 0.02180615062 -0.04202801926 -2.563104908e-21 
37 0.02245366661 -0.04754828507 -2.40215872e-21 
37 0.02300450148 -0.05307873677 -2.01652832e-21 
37 0.02348620405 -0.05861533797 -1.4647618e-21 
37 0.02391972008 -0.06415561898 -8.065866317e-22 
37 0.02432102995 -0.06969802378 -9.214366337e-23 
37 0.02470225016 -0.07524154413 6.436063107e-22 
37 0.02507233794 -0.08078551613 1.381594813e-21 
37 0.02543750595 -0.08632951159 2.115593183e-21 
37 0.02580143235 -0.09187328591 2.846933017e-21 
38 -0.005555555556 0 0 
38 0 0 0 
38 0.005122239361 -0.002156320444 2.708720641e-21 
38 0.009371211992 -0.005740486383 5.223291697e-21 
38 0.01272269574 -0.01017595579 6.334799758e-21 
38 0.01531325723 -0.01509493755 5.971158392e-21 
38 0.01730812046 -0.0202840743 4.604125127e-21 
38 0.01885287405 -0.02562433245 2.799981599e-21 
38 0.0200628167 -0.03105001401 1.010449112e-21 
38 0.02102544839 -0.03652471471 -4.869614762e-22 
38 0.02180615062 -0.04202801926 -1.575641439e-21 
38 0.02245366661 -0.04754828507 -2.257092413e-21 
38 0.02300450148 -0.05307873677 -2.602211392e-21 
38 0.02348620405 -0.05861533797 -2.709679827e-21 
38 0.02391972008 -0.06415561898 -2.67598099e-21 
38 0.02432102995 -0.06969802378 -2.577584239e-21 
38 0.02470225016 -0.07524154413 -2.463762891e-21 
38 0.02507233794 -0.08078551613 -2.357657851e-21 
38 0.02543750595 -0.08632951159 -2.262941598e-21 
38 0.02580143235 -0.09187328591 -2.173523597e-21 
39 -0.005555555556 0 0 
39 0 0 0 
39 0.005122239361 -0.002156320444 5.179127096e-22 
39 0.009371211992 -0.005740486383 8.349325382e-22 
39 0.01272269574 -0.01017595579 7.5090789e-22 
39 0.01531325723 -0.01509493755 3.637958746e-22 
39 0.01730812046 -0.0202840743 -1.39874796e-22 
39 0.01885287405 -0.02562433245 -6.021064197e-22 
39 0.0200628167 -0.03105001401 -9.354565641e-22 
39 0.02102544839 -0.03652471471 -1.119527126e-21 
39 0.02180615062 -0.04202801926 -1.177621086e-21 
39 0.02245366661 -0.04754828507 -1.150763414e-21 
39 0.02300450148 -0.05307873677 -1.077791973e-21 
39 0.02348620405 -0.05861533797 -9.852526756e-22 
39 0.02391972008 -0.06415561898 -8.858066042e-22 
39 0.02432102995 -0.06969802378 -7.821297501e-22 
39 0.02470225016 -0.07524154413 -6.725786224e-22 
39 0.02507233794 -0.08078551613 -5.558242269e-22 
39 0.02543750595 -0.08632951159 -4.331915007e-22 
39 0.02580143235 -0.09187328591 -3.0805345e-22 
40 -0.005555555556 0 0 
40 0 0 0 
40 0.005122239361 -0.002156320444 5.355554776e-22 
40 0.009371211992 -0.005740486383 1.122386893e-21 
40 0.01272269574 -0.01017595579 1.523825228e-21 
40 0.01531325723 -0.01509493755 1.68953685e-21 
40 0.01730812046 -0.0202840743 1.66244102e-21 
40 0.01885287405 -0.02562433245 1.519984477e-21 
40 0.0200628167 -0.03105001401 1.336571311e-21 
40 0.02102544839 -0.03652471471 1.166151808e-21 
40 0.02180615062 -0.04202801926 1.036905146e-21 
40 0.02245366661 -0.04754828507 9.53914093e-22 
40 0.02300450148 -0.05307873677 9.066251013e-22 
40 0.02348620405 -0.05861533797 8.771897319e-22 
40 0.02391972008 -0.06415561898 8.477319176e-22 
40 0.02432102995 -0.06969802378 8.052975207e-22 
40 0.02470225016 -0.07524154413 7.442018637e-22 
40 0.02507233794 -0.08078551613 6.658466238e-22 
40 0.02543750595 -0.08632951159 5.763790054e-22 
40 0.02580143235 -0.09187328591 4.830077209e-22 
41 -0.005555555556 0 0 
41 0 0 0 
41 0.005122239361 -0.002156320444 9.349073372e-22 
41 0.009371211992 -0.005740486383 2.098308609e-21 
41 0.01272269574 -0.01017595579 3.105969306e-21 
41 0.01531325723 -0.01509493755 3.813612391e-21 
41 0.01730812046 -0.0202840743 4.193340139e-21 
41 0.01885287405 -0.02562433245 4.266539193e-21 
41 0.0200628167 -0.03105001401 4.07306427e-21 
41 0.02102544839 -0.03652471471 3.662858799e-21 
41 0.02180615062 -0.04202801926 3.093213119e-21 
41 0.02245366661 -0.04754828507 2.425758838e-21 
41 0.02300450148 -0.05307873677 1.721972281e-21 
41 0.02348620405 -0.05861533797 1.036417688e-21 
41 0.02391972008 -0.06415561898 4.098926814e-22 
41 0.02432102995 -0.06969802378 -1.355309155e-22 
41 0.02470225016 -0.07524154413 -5.981472674e-22 
41 0.02507233794 -0.08078551613 -9.939231709e-22 
41 0.02543750595 -0.08632951159 -1.349445023e-21 
41 0.02580143235 -0.09187328591 -1.691330115e-21 
42 -0.005555555556 0 0 
42 0 0 0 
42 0.005122239361 -0.002156320444 -2.548051312e-22 
42 0.009371211992 -0.005740486383 -3.101471385e-22 
42 0.01272269574 -0.01017595579 -8.090014164e-23 
42 0.01531325723 -0.01509493755 3.11121567e-22 
42 0.01730812046 -0.0202840743 7.031787804e-22 
42 0.01885287405 -0.02562433245 9.876963966e-22 
42 0.0200628167 -0.03105001401 1.126566386e-21 
42 0.02102544839 -0.03652471471 1.133012579e-21 
42 0.02180615062 -0.04202801926 1.046591179e-21 
42 0.02245366661 -0.04754828507 9.110267984e-22 
42 0.02300450148 -0.05307873677 7.58588382e-22 
42 0.02348620405 -0.05861533797 6.049668992e-22 
42 0.02391972008 -0.06415561898 4.517237761e-22 
42 0.02432102995 -0.06969802378 2.928380164e-22 
42 0.02470225016 -0.07524154413 1.218498689e-22 
42 0.02507233794 -0.08078551613 -6.332989745e-23 
42 0.02543750595 -0.08632951159 -2.59255464e-22 
42 0.02580143235 -0.09187328591 -4.594676052e-22 
43 -0.005555555556 0 0 
43 0 0 0 
43 0.005122239361 -0.002156320444 -4.931684148e-22 
43 0.009371211992 -0.005740486383 -9.695753993e-22 
43 0.01272269574 -0.01017595579 -1.204977306e-21 
43 0.01531325723 -0.01509493755 -1.17587325e-21 
43 0.01730812046 -0.0202840743 -9.615817887e-22 
43 0.01885287405 -0.02562433245 -6.689213349e-22 
43 0.0200628167 -0.03105001401 -3.884327042e-22 
43 0.02102544839 -0.03652471471 -1.786466869e-22 
43 0.02180615062 -0.04202801926 -6.755587439e-23 
43 0.02245366661 -0.04754828507 -6.134906129e-23 
43 0.02300450148 -0.05307873677 -1.537210361e-22 
43 0.02348620405 -0.05861533797 -3.331451289e-22 
43 0.02391972008 -0.06415561898 -5.867489267e-22 
43 0.02432102995 -0.06969802378 -9.01379434e-22 
43 0.02470225016 -0.07524154413 -1.263270352e-21 
43 0.02507233794 -0.08078551613 -1.657734834e-21 
43 0.02543750595 -0.08632951159 -2.07006045e-21 
43 0.02580143235 -0.09187328591 -2.488049149e-21 
44 -0.005555555556 0 0 
44 0 0 0 
44 0.005122239361 -0.002156320444 -8.666802125e-22 
44 0.009371211992 -0.005740486383 -1.720216754e-21 
44 0.01272269574 -0.01017595579 -2.160236715e-21 
44 0.01531325723 -0.01509493755 -2.118075562e-21 
44 0.01730812046 -0.0202840743 -1.711419706e-21 
44 0.01885287405 -0.02562433245 -1.107771042e-21 
44 0.0200628167 -0.03105001401 -4.588489503e-22 
44 0.02102544839 -0.03652471471 1.21334081e-22 
44 0.02180615062 -0.04202801926 5.565430662e-22 
44 0.02245366661 -0.04754828507 8.010526767e-22 
44 0.02300450148 -0.05307873677 8.32605832e-22 
44 0.02348620405 -0.05861533797 6.473277828e-22 
44 0.02391972008 -0.06415561898 2.568057955e-22 
44 0.02432102995 -0.06969802378 -3.136860709e-22 
44 0.02470225016 -0.07524154413 -1.027371507e-21 
44 0.02507233794 -0.08078551613 -1.839943979e-21 
44 0.02543750595 -0.08632951159 -2.70611051e-21 
44 0.02580143235 -0.09187328591 -3.588966476e-21 
45 -0.005555555556 0 0 
45 0 0 0 
45 0.005122239361 -0.002156320444 -6.21742534e-22 
45 0.009371211992 -0.005740486383 -1.524383825e-21 
45 0.01272269574 -0.01017595579 -2.420354471e-21 
45 0.01531325723 -0.01509493755 -3.115795061e-21 
45 0.01730812046 -0.0202840743 -3.509929501e-21 
45 0.01885287405 -0.02562433245 -3.580352606e-21 
45 0.0200628167 -0.03105001401 -3.363192969e-21 
45 0.02102544839 -0.03652471471 -2.932716078e-21 
45 0.02180615062 -0.04202801926 -2.38277251e-21 
45 0.02245366661 -0.04754828507 -1.810388712e-21 
45 0.02300450148 -0.05307873677 -1.301752768e-21 
45 0.02348620405 -0.05861533797 -9.218025657e-22 
45 0.02391972008 -0.06415561898 -7.078462486e-22 
45 0.02432102995 -0.06969802378 -6.674701491e-22 
45 0.02470225016 -0.07524154413 -7.808940367e-22 
45 0.02507233794 -0.08078551613 -1.007947371e-21 
45 0.02543750595 -0.08632951159 -1.299339285e-21 
45 0.02580143235 -0.09187328591 -1.611432548e-21 
46 -0.005555555556 0 0 
46 0 0 0 
46 0.005122239361 -0.002156320444 7.082965745e-22 
46 0.009371211992 -0.005740486383 1.434986703e-21 
46 0.01272269574 -0.01017595579 1.819543266e-21 
46 0.01531325723 -0.01509493755 1.764749723e-21 
46 0.01730812046 -0.0202840743 1.337421256e-21 
46 0.01885287405 -0.02562433245 6.697026229e-22 
46 0.0200628167 -0.03105001401 -9.646373356e-23 
46 0.02102544839 -0.03652471471 -8.386284252e-22 
46 0.02180615062 -0.04202801926 -1.468743145e-21 
46 0.02245366661 -0.04754828507 -1.937311568e-21 
46 0.02300450148 -0.05307873677 -2.229527344e-21 
46 0.02348620405 -0.05861533797 -2.357462089e-21 
46 0.02391972008 -0.06415561898 -2.349929764e-21 
46 0.02432102995 -0.06969802378 -2.242760039e-21 
46 0.02470225016 -0.07524154413 -2.071024381e-21 
46 0.02507233794 -0.08078551613 -1.863787207e-21 
46 0.02543750595 -0.08632951159 -1.641529723e-21 
46 0.02580143235 -0.09187328591 -1.415796666e-21 
47 -0.005555555556 0 0 
47 0 0 0 
47 0.005122239361 -0.002156320444 6.577566573e-23 
47 0.009371211992 -0.005740486383 2.726172595e-22 
47 0.01272269574 -0.01017595579 6.203523882e-22 
47 0.01531325723 -0.01509493755 1.064973403e-21 
47 0.01730812046 -0.0202840743 1.543976273e-21 
47 0.01885287405 -0.02562433245 1.986063927e-21 
47 0.0200628167 -0.03105001401 2.325699491e-21 
47 0.02102544839 -0.03652471471 2.51164283e-21 
47 0.02180615062 -0.04202801926 2.511021e-21 
47 0.02245366661 -0.04754828507 2.309909278e-21 
47 0.02300450148 -0.05307873677 1.911238688e-21 
47 0.02348620405 -0.05861533797 1.331430802e-21 
47 0.02391972008 -0.06415561898 5.966289091e-22 
47 0.02432102995 -0.06969802378 -2.611862285e-22 
47 0.02470225016 -0.07524154413 -1.207849432e-21 
47 0.02507233794 -0.08078551613 -2.210486174e-21 
47 0.02543750595 -0.08632951159 -3.240957002e-21 
47 0.02580143235 -0.09187328591 -4.279345699e-21 
48 -0.005555555556 0 0 
48 0 0 0 
48 0.005122239361 -0.002156320444 -1.05863601e-22 
48 0.009371211992 -0.005740486383 -4.214643927e-22 
48 0.01272269574 -0.01017595579 -9.530026228e-22 
48 0.01531325723 -0.01509493755 -1.627579393e-21 
48 0.01730812046 -0.0202840743 -2.313845811e-21 
48 0.01885287405 -0.02562433245 -2.873559636e-21 
48 0.0200628167 -0.03105001401 -3.201568062e-21 
48 0.02102544839 -0.03652471471 -3.246065032e-21 
48 0.02180615062 -0.04202801926 -3.010385608e-21 
48 0.02245366661 -0.04754828507 -2.540958078e-21 
48 0.02300450148 -0.05307873677 -1.907935518e-21 
48 0.02348620405 -0.05861533797 -1.185882552e-21 
48 0.02391972008 -0.06415561898 -4.384636404e-22 
48 0.02432102995 -0.06969802378 2.907885694e-22 
48 0.02470225016 -0.07524154413 9.812047269e-22 
48 0.02507233794 -0.08078551613 1.632302412e-21 
48 0.02543750595 -0.08632951159 2.25704252e-21 
48 0.02580143235 -0.09187328591 2.872236794e-21 
49 -0.005555555556 0 0 
49 0 0 0 
49 0.005122239361 -0.002156320444 3.729861953e-22 
49 0.009371211992 -0.005740486383 9.797332477e-22 
49 0.01272269574 -0.01017595579 1.699384515e-21 
49 0.01531325723 -0.01509493755 2.439343607e-21 
49 0.01730812046 -0.0202840743 3.105456738e-21 
49 0.01885287405 -0.02562433245 3.606164986e-21 
49 0.0200628167 -0.03105001401 3.873257645e-21 
49 0.02102544839 -0.03652471471 3.874482396e-21 
49 0.02180615062 -0.04202801926 3.616054187e-21 
49 0.02245366661 -0.04754828507 3.13618478e-21 
49 0.02300450148 -0.05307873677 2.493185401e-21 
49 0.02348620405 -0.05861533797 1.751755887e-21 
49 0.02391972008 -0.06415561898 9.699266676e-22 
49 0.02432102995 -0.06969802378 1.900257791e-22 
49 0.02470225016 -0.07524154413 -5.649248303e-22 
49 0.02507233794 -0.08078551613 -1.290152383e-21 
49 0.02543750595 -0.08632951159 -1.994030875e-21 
49 0.02580143235 -0.09187328591 -2.689834896e-21 
50 -0.005555555556 0 0 
50 0 0 0 
50 0.005122239361 -0.002156320444 3.474852659e-22 
50 0.009371211992 -0.005740486383 8.583129541e-22 
50 0.01272269574 -0.01017595579 1.372738179e-21 
50 0.01531325723 -0.01509493755 1.784226686e-21 
50 0.01730812046 -0.0202840743 2.039738462e-21 
50 0.01885287405 -0.02562433245 2.128776604e-21 
50 0.0200628167 -0.03105001401 2.074385257e-21 
50 0.02102544839 -0.03652471471 1.921304094e-21 
50 0.02180615062 -0.04202801926 1.722949551e-21 
50 0.02245366661 -0.04754828507 1.529951714e-21 
50 0.02300450148 -0.05307873677 1.382209063e-21 
50 0.02348620405 -0.05861533797 1.304621211e-21 
50 0.02391972008 -0.06415561898 1.306399589e-21 
50 0.02432102995 -0.06969802378 1.383169168e-21 
50 0.02470225016 -0.07524154413 1.520827643e-21 
50 0.02507233794 -0.08078551613 1.700161101e-21 
50 0.02543750595 -0.08632951159 1.901558645e-21 
50 0.02580143235 -0.09187328591 2.109616383e-21 
51 -0.005555555556 0 0 
51 0 0 0 
51 0.005122239361 -0.002156320444 6.115853136e-22 
51 0.009371211992 -0.005740486383 1.412374093e-21 
51 0.01272269574 -0.01017595579 2.073087807e-21 
51 0.01531325723 -0.01509493755 2.409876202e-21 
51 0.01730812046 -0.0202840743 2.370537266e-21 
51 0.01885287405 -0.02562433245 1.994588022e-21 
51 0.0200628167 -0.03105001401 1.380473056e-21 
51 0.02102544839 -0.03652471471 6.525286692e-22 
51 0.02180615062 -0.04202801926 -6.563956903e-23 
51 0.02245366661 -0.04754828507 -6.70331011e-22 
51 0.02300450148 -0.05307873677 -1.089773001e-21 
51 0.02348620405 -0.05861533797 -1.288034723e-21 
51 0.02391972008 -0.06415561898 -1.262764879e-21 
51 0.02432102995 -0.06969802378 -1.038740793e-21 
51 0.02470225016 -0.07524154413 -6.589116402e-22 
51 0.02507233794 -0.08078551613 -1.745968675e-22 
51 0.02543750595 -0.08632951159 3.643771153e-22 
51 0.02580143235 -0.09187328591 9.197117167e-22 
